Mutant | SEC49 Distance | CA Distance | ΔG* | Normalized ΔG*
------------------------------------------------------------
humancys |          0.00 |       5.47 | 17.83 |    31.67
Y48F     |          5.20 |       9.62 | 17.25 |    23.40
A52T     |          5.59 |       6.24 | 21.73 |    87.30
A47S     |          9.50 |      10.99 | 17.55 |    27.67
C99R     |         14.00 |      15.71 | 16.80 |    16.98
Q54T     |         12.50 |       9.46 | 16.64 |    14.69
Q177H    |         14.77 |      18.99 | 21.33 |    81.60
Q144H    |         14.29 |      21.53 | 18.47 |    40.80
A178T    |         15.00 |      12.97 | 18.18 |    36.66
G74A     |         16.10 |      16.37 | 17.11 |    21.40
S143E    |         16.44 |      12.51 | 20.72 |    72.90
L139F    |         16.77 |      19.14 | 16.86 |    17.83
S142P    |         16.50 |      18.27 | 18.72 |    44.37
T87K     |         16.10 |      16.37 | 15.61 |     0.00
F104Y    |         19.05 |      22.80 | 19.94 |    61.77
N3K      |         20.00 |      23.95 | 16.51 |    12.84
L24I     |         19.64 |      22.97 | 22.62 |   100.00
S102G    |         20.00 |      21.53 | 16.56 |    13.55
A60T     |         19.64 |      22.97 | 20.84 |    74.61
S181R    |         20.00 |      21.53 | 16.19 |     8.27
H173R    |         20.00 |      21.53 | 15.85 |     3.42
